5.000000000000000000e-01 2.500000000000000444e+00 5.500000000000000000e+00
7.000000000000000666e-01 2.500000000000000444e+00 5.299999999999999822e+00
9.000000000000000222e-01 2.500000000000000444e+00 5.099999999999999645e+00
1.100000000000000089e+00 2.500000000000000444e+00 4.900000000000000355e+00
1.300000000000000266e+00 2.500000000000000444e+00 4.700000000000000178e+00
1.500000000000000222e+00 2.500000000000000444e+00 4.500000000000000000e+00
1.700000000000000178e+00 2.500000000000000444e+00 4.299999999999999822e+00
1.900000000000000133e+00 2.500000000000000444e+00 4.099999999999999645e+00
2.100000000000000089e+00 2.500000000000000444e+00 3.900000000000000355e+00
2.300000000000000266e+00 2.500000000000000444e+00 3.700000000000000178e+00
2.300000000000000266e+00 2.500000000000000444e+00 3.500000000000000444e+00
2.300000000000000266e+00 2.500000000000000444e+00 3.300000000000000266e+00
2.300000000000000266e+00 2.500000000000000444e+00 3.100000000000000089e+00
2.300000000000000266e+00 2.500000000000000444e+00 2.900000000000000355e+00
2.300000000000000266e+00 2.500000000000000444e+00 2.700000000000000178e+00
2.300000000000000266e+00 2.500000000000000444e+00 2.500000000000000444e+00
2.300000000000000266e+00 2.500000000000000444e+00 2.300000000000000266e+00
2.300000000000000266e+00 2.500000000000000444e+00 2.100000000000000089e+00
2.300000000000000266e+00 2.500000000000000444e+00 1.900000000000000133e+00
2.300000000000000266e+00 2.500000000000000444e+00 1.700000000000000178e+00
2.500000000000000444e+00 2.500000000000000444e+00 1.500000000000000222e+00
2.700000000000000178e+00 2.500000000000000444e+00 1.300000000000000266e+00
2.900000000000000355e+00 2.500000000000000444e+00 1.300000000000000266e+00
3.100000000000000089e+00 2.500000000000000444e+00 1.300000000000000266e+00
3.300000000000000266e+00 2.500000000000000444e+00 1.300000000000000266e+00
3.500000000000000444e+00 2.500000000000000444e+00 1.300000000000000266e+00
3.700000000000000178e+00 2.500000000000000444e+00 1.300000000000000266e+00
3.900000000000000355e+00 2.500000000000000444e+00 1.300000000000000266e+00
4.099999999999999645e+00 2.500000000000000444e+00 1.300000000000000266e+00
4.299999999999999822e+00 2.500000000000000444e+00 1.300000000000000266e+00
4.500000000000000000e+00 2.500000000000000444e+00 1.500000000000000222e+00
4.700000000000000178e+00 2.500000000000000444e+00 1.700000000000000178e+00
4.900000000000000355e+00 2.500000000000000444e+00 1.900000000000000133e+00
5.099999999999999645e+00 2.500000000000000444e+00 2.100000000000000089e+00
5.299999999999999822e+00 2.500000000000000444e+00 2.300000000000000266e+00
5.500000000000000000e+00 2.500000000000000444e+00 2.500000000000000444e+00
5.700000000000000178e+00 2.500000000000000444e+00 2.700000000000000178e+00
5.900000000000000355e+00 2.500000000000000444e+00 2.900000000000000355e+00
6.099999999999999645e+00 2.500000000000000444e+00 3.100000000000000089e+00
6.299999999999999822e+00 2.500000000000000444e+00 3.300000000000000266e+00
6.500000000000000000e+00 2.500000000000000444e+00 3.500000000000000444e+00
6.700000000000000178e+00 2.500000000000000444e+00 3.700000000000000178e+00
6.900000000000000355e+00 2.500000000000000444e+00 3.900000000000000355e+00
7.099999999999999645e+00 2.500000000000000444e+00 4.099999999999999645e+00
7.299999999999999822e+00 2.500000000000000444e+00 4.299999999999999822e+00
7.500000000000000000e+00 2.500000000000000444e+00 4.500000000000000000e+00
7.700000000000000178e+00 2.500000000000000444e+00 4.700000000000000178e+00
7.900000000000000355e+00 2.500000000000000444e+00 4.900000000000000355e+00
7.900000000000000355e+00 2.500000000000000444e+00 5.099999999999999645e+00
8.099999999999999645e+00 2.500000000000000444e+00 5.299999999999999822e+00
8.099999999999999645e+00 2.500000000000000444e+00 5.500000000000000000e+00
